<concatAnimationsFrame:[946]>
<pictures:[
{
"id":"945",
"animationFrames":[1,12,25],
"alpha":[0,1,0],
"imgPath":"img/pictures/HARRY_01.png",
"position":[[150,180],[160,190],[170,200]],
"scale":[[1,1],[1,1],[1,1]]
},
{
"id":"945-2",
"animationFrames":[25,35,45],
"alpha":[0,1,0],
"imgPath":"img/pictures/HARRY_02.png",
"imgFrame":[[0,0,"100%","100%"]],
"position":[[650,210],[640,200],[630,190]],
"scale":[[1,1],[1,1],[1,1]]
},
{
"id":"945-3",
"animationFrames":[45,60,75],
"alpha":[0,1,0],
"imgPath":"img/pictures/HARRY_03.png",
"imgFrame":[[0,0,"100%","100%"]],
"position":[[700,250],[690,240],[680,230]],
"scale":[[1,1],[1,1],[1,1]]
},
{
"id":"945-4",
"animationFrames":[75,90,105],
"alpha":[0,1,0],
"imgPath":"img/pictures/HARRY_04.png",
"imgFrame":[[0,0,"100%","100%"]],
"position":[[130,210],[140,200],[150,190]],
"scale":[[1,1],[1,1],[1,1]]
},
{
"id":"945-5",
"animationFrames":[90,105,130],
"alpha":[0,1,0],
"imgPath":"img/pictures/HARRY_05.png",
"imgFrame":[[0,0,"100%","100%"]],
"position":[[650,230],[640,220],[630,210]],
"scale":[[1,1],[1,1],[1,1]]
},
{
"id":"945-6",
"animationFrames":[105,125,148],
"alpha":[0,1,0],
"imgPath":"img/pictures/HARRY_06.png",
"imgFrame":[[0,0,"100%","100%"]],
"position":[[700,280],[690,270],[680,260]],
"scale":[[1,1],[1,1],[1,1]]
},
{
"id":"945-7",
"animationFrames":[150,152,155,165,175],
"alpha":[0.75,1,1,1,0],
"imgPath":"img/pictures/HARRY_07.png",
"imgFrame":[[0,0,"100%","100%"]],
"position":[[150,240],[150,240],[150,240],[150,240],[150,240]],
"scale":[[1,1],[1.05,1.05],[1,1],[1,1],[1,1]]
},
{
"id":"945-8",
"animationFrames":[150,152,155,165,175],
"alpha":[0.75,1,1,1,0],
"imgPath":"img/pictures/HARRY_08.png",
"imgFrame":[[0,0,"100%","100%"]],
"position":[[650,270],[650,270],[650,270],[650,270],[650,270]],
"scale":[[1,1],[1.05,1.05],[1,1],[1,1],[1,1]]
},
{
"id":"945-9",
"animationFrames":[207,209,211,213,215,217,225,230,235,240,245,250,255,260,265,270,294,295,296,297,298,300,301,302,303,304,305,306],
"alpha":[1,1,1,1,1,1,1,1,1,1,1,1,1,1,1,0,1,1,1,1,1,1,1,1,1,1,1,0],
"imgPath":"img/pictures/DICK.png",
"rotate":[-45,-45,-20,-20,0,0,20,40,0,20,40,20,40,0,20,40,-40,-20,0,0,40,40,40,40,40,40,40,40],
"imgOrigin":"6,8",
"position":[[680,335],[680,335],[680,335],[680,335],[680,335],[680,335],[680,335],[680,335],[680,335],[680,335],[680,335],[680,335],[680,335],[680,335],[680,335],[680,335],[130,335],[124,335],[108,335],[92,335],[76,335],[76,335],[76,335],[76,335],[76,335],[76,335],[76,335],[76,335]],
"scale":[[1,1],[1.5,1],[2,1],[2.5,1],[3,1],[3.5,1],[3.5,1],[3.5,1],[3.5,1],[3.5,1],[3.5,1],[3.5,1],[3.5,1],[3.5,1],[3.5,1],[0,0],[3.5,1],[3.5,1],[3.5,1],[3.5,1],[3.5,1],[3,1],[2.5,1],[2,1],[1.5,1],[1,1],[0.5,1],[0,1]]
}
]>